0.871828 443
0.146099 1
1.291884 3
0.087923 1
0.088071 1
0.072021 1
0.111902 1
0.136102 1
0.144012 1
0.103900 1
0.112016 1
0.056068 1
0.136008 1
0.063898 1
0.048095 1
0.095953 1
0.120047 1
0.103965 1
0.088028 1
0.104009 1
0.104003 1
0.055992 1
0.128005 1
0.103906 1
0.456122 1
0.079971 1
0.071997 1
0.079999 1
0.144007 1
0.119929 1
0.255984 1
0.127983 1
0.184133 1
0.159982 1
0.071990 1
0.111908 1
0.096050 1
0.104039 1
0.087895 1
0.096008 1
0.152003 1
0.072065 1
0.072022 1
0.279946 1
0.135974 1
0.096097 1
0.119993 1
0.135903 1
0.856131 6
0.983877 447
0.028008 1
1.836177 3
0.111914 32
0.191943 75
0.004134 443
0.027838 1
2.208109 3
0.071961 1
0.104001 1
0.888033 1
0.055960 1
0.079911 171
0.176020 1
1.072015 1
0.408093 1
0.247915 1
0.079963 1
0.063993 1
0.112083 3
0.160038 48
0.431878 108
0.380119 4095
0.048018 3
0.000010 4095
0.003903 3696
0.000200 326
0.043851 226
1.220021 226
0.167989 226
0.167916 39
0.616100 22
0.247882 1
0.688098 52
0.004452 443
0.031466 1
0.819982 3
0.216126 1
0.127980 1
0.383907 1
0.104072 1
0.055914 1
0.072089 9
0.092025 1
0.675903 2
0.320085 3
0.480013 3
0.103999 1
0.191919 1
0.551995 1
0.231995 1
0.120072 1
0.176043 1
0.119957 53
0.231895 443
0.516044 1
0.516095 3
0.111977 1
0.231895 1
0.063999 1
0.184093 2
0.088010 6
0.927900 447
0.028018 6
0.115964 447
0.028156 1
2.275985 3
0.239976 1
0.079939 3
0.456097 1
0.055857 1
0.080001 1
0.144128 1
0.415910 1
0.191975 1
0.032041 1
0.192088 1
0.063857 1
0.024096 1
0.103998 42
0.191910 499
0.007989 443
0.028027 1
1.396018 3
0.047983 1
0.184084 1
0.079990 1
0.160003 2
0.091928 37
0.504061 443
0.028000 6
0.399917 18
0.144003 42
0.719995 439
0.007989 443
0.028148 1
4.260006 3
0.111957 1
0.127904 1
0.088089 34
0.359903 30
0.004219 443
0.027816 1
3.360099 3
0.223880 1
0.120106 1
0.103985 34
